0:
    5 - (3 - 1) = 3    | (1, 2, 5) 
1:
    (1, 2, 3) -> 
    (1, 2, 4)
    (1, 2, 5)
    (1, 3, 4)
    (1, 3, 5)
    (1, 4, 5)
    (2, 3, 4) -> 

=====================

    [1, 2, 3, 4, 5]

    [1, 2, x] -> 3
    [1, 3, x] -> 2
    [1, 4, x] -> 1

    [1, ...] -> 6

    [2, 3, x] -> 2
    [2, 4, x] -> 1

    [2, ...] -> 3

    [3, 4, x] -> 1

    [3, ...] -> 1

=====================

    [1, 2, 3, 4, 5, 6]

    [1, 2, x] -> 4
    [1, 3, x] -> 3
    [1, 4, x] -> 2
    [1, 5, x] -> 1

    [1, ...] -> 10

    [2, 3, x] -> 3
    [2, 4, x] -> 2
    [2, 5, x] -> 1

    [2, ...] -> 6

    [3, 4, x] -> 1

    [3, ...] -> 1

    ==========================

    [0, 0, 0, 0, 0, 0, 0, 0, 0, 0, 0, 0, 0, 0, 0, 0]
    
      1  2  3  4  5  6  
    [ 1, 1, 1, 0, 0, 0 ] => 1 + 2 + 4 = 7
    [ 1, 1, 0, 1, 0, 0 ] => 1 + 2 + 8 = 11
    [ 1, 1, 0, 0, 1, 0 ] => 1 + 2 + 16 = 19
    [ 1, 1, 0, 0, 0, 1 ] => 1 + 2 + 32 = 34
    [ 1, 0, 1, 1, 0, 0 ] => 1 + 4 + 8 = 13 
